ab9835;2945217;3046867
ab9835;2961651;3044601
ab9835;2969868;3043468
ab9835;2978085;3042335
7cc6a7;3104570;2467253
7cc6a7;3105710;2467759
7cc6a7;3106280;2468012
7cc6a7;3106850;2468265
7cc6a7;3107420;2468518
7cc6a7;3107990;2468771
7cc6a7;3108560;2469024
7cc6a7;3109130;2469277
7cc6a7;3109700;2469530
7cc6a7;3110840;2470036
7cc6a7;3111410;2470289
7cc6a7;3111980;2470542
7cc6a7;3112550;2470795
7cc6a7;3113120;2471048
7cc6a7;3113690;2471301
7cc6a7;3114260;2471554
7cc6a7;3115400;2472060
7cc6a7;3115970;2472313
7cc6a7;3116540;2472566
7cc6a7;3117110;2472819
7cc6a7;3117680;2473072
7cc6a7;3118250;2473325
8d5c71;3263683;3075394
8d5c71;3269366;3081788
8d5c71;3275049;3088182
8d5c71;3280732;3094576
8d5c71;3292098;3107364
8d5c71;3297781;3113758
7a9181;3555504;4297294
7a9181;3550848;4288828
830125;2527706;2662424
830125;2536880;2663520
d594bc;3520036;3598038
d594bc;3520072;3598076
d594bc;3520108;3598114
d594bc;3520144;3598152
d594bc;3520216;3598228
d594bc;3520252;3598266
d594bc;3520288;3598304
d594bc;3520324;3598342
d594bc;3520396;3598418
d594bc;3520432;3598456
d594bc;3520468;3598494
d594bc;3520504;3598532
d594bc;3520540;3598570
d594bc;3520612;3598646
d594bc;3520648;3598684
d594bc;3520684;3598722
d594bc;3520756;3598798
d594bc;3520792;3598836
d594bc;3520828;3598874
d594bc;3520864;3598912
d594bc;3520900;3598950
d594bc;3520972;3599026
d594bc;3521008;3599064
d594bc;3521044;3599102
d594bc;3521080;3599140
d594bc;3521152;3599216
d594bc;3521188;3599254
d594bc;3521224;3599292
d594bc;3521296;3599368
d594bc;3521332;3599406
d594bc;3521368;3599444
d594bc;3521440;3599520
d594bc;3521476;3599558
d594bc;3521512;3599596
d594bc;3521548;3599634
d594bc;3521620;3599710
d594bc;3521656;3599748
d594bc;3521692;3599786
d594bc;3521728;3599824
d594bc;3521800;3599900
d594bc;3521836;3599938
d594bc;3521872;3599976
d594bc;3521908;3600014
d594bc;3521980;3600090
8e1e4c;3969252;2923980
d594bc;3522016;3600128
8e1e4c;3964378;2916970
d594bc;3522052;3600166
d594bc;3522124;3600242
d594bc;3522160;3600280
d594bc;3522196;3600318
d594bc;3522232;3600356
d594bc;3522268;3600394
d594bc;3522304;3600432
d594bc;3522340;3600470
d594bc;3522376;3600508
d594bc;3522448;3600584
d594bc;3522484;3600622
d594bc;3522520;3600660
d594bc;3522484;3600622
d594bc;3522556;3600698
d594bc;3522592;3600736
d594bc;3522628;3600774
d594bc;3522700;3600850
d594bc;3522736;3600888
d594bc;3522700;3600850
d594bc;3522772;3600926
d594bc;3522808;3600964
d594bc;3522844;3601002
d594bc;3522916;3601078
d594bc;3522952;3601116
d594bc;3522988;3601154
d594bc;3523024;3601192
d594bc;3523060;3601230
d594bc;3523132;3601306
d594bc;3523168;3601344
d594bc;3523204;3601382
249ca2;3231217;3760194
d594bc;3523240;3601420
249ca2;3240434;3756388
d594bc;3523276;3601458
d594bc;3523348;3601534
d594bc;3523384;3601572
d594bc;3523420;3601610
d594bc;3523456;3601648
d594bc;3523492;3601686
d594bc;3523528;3601724
d594bc;3523564;3601762
d594bc;3523600;3601800
d594bc;3523636;3601838
d594bc;3523672;3601876
d594bc;3523744;3601952
d594bc;3523708;3601914
d594bc;3523780;3601990
d594bc;3523816;3602028
d594bc;3523852;3602066
d594bc;3523888;3602104
d594bc;3523924;3602142
d594bc;3523996;3602218
d594bc;3524032;3602256
d594bc;3524068;3602294
d594bc;3524104;3602332
d594bc;3524140;3602370
d594bc;3524212;3602446
d594bc;3524248;3602484
d594bc;3524284;3602522
d594bc;3524320;3602560
d594bc;3524356;3602598
d594bc;3524392;3602636
d594bc;3524464;3602712
92048e;2663528;2678116
92048e;2663792;2678174
92048e;2664056;2678232
92048e;2664320;2678290
92048e;2664584;2678348
92048e;2664848;2678406
92048e;2665112;2678464
92048e;2665376;2678522
92048e;2665640;2678580
92048e;2666168;2678696
92048e;2666432;2678754
92048e;2666696;2678812
92048e;2666960;2678870
92048e;2667224;2678928
92048e;2667488;2678986
92048e;2667752;2679044
92048e;2668016;2679102
92048e;2668544;2679218
92048e;2668808;2679276
92048e;2669072;2679334
92048e;2669336;2679392
92048e;2669600;2679450
92048e;2669864;2679508
92048e;2670128;2679566
92048e;2670392;2679624
92048e;2670920;2679740
92048e;2671184;2679798
92048e;2671448;2679856
92048e;2671712;2679914
92048e;2671976;2679972
976939;3597061;3971031
976939;3597122;3971062
976939;3597183;3971093
976939;3597244;3971124
976939;3597305;3971155
976939;3597427;3971217
976939;3597488;3971248
976939;3597549;3971279
976939;3597610;3971310
976939;3597671;3971341
976939;3597732;3971372
976939;3597793;3971403
976939;3597915;3971465
976939;3597976;3971496
976939;3598037;3971527
976939;3598098;3971558
976939;3598220;3971620
976939;3598281;3971651
976939;3598342;3971682
976939;3598403;3971713
976939;3598464;3971744
976939;3598525;3971775
976939;3598647;3971837
976939;3598708;3971868
976939;3598769;3971899
976939;3598830;3971930
976939;3598891;3971961
976939;3599013;3972023
976939;3599074;3972054
976939;3599135;3972085
914c3e;2277945;3557095
976939;3599196;3972116
914c3e;2283300;3550300
976939;3599257;3972147
976939;3599318;3972178
976939;3599379;3972209
976939;3599501;3972271
976939;3599562;3972302
976939;3599623;3972333
976939;3599684;3972364
976939;3599745;3972395
976939;3599867;3972457
976939;3599928;3972488
976939;3599989;3972519
976939;3600050;3972550
976939;3600111;3972581
976939;3600233;3972643
976939;3600294;3972674
976939;3600355;3972705
976939;3600416;3972736
976939;3600477;3972767
976939;3600538;3972798
976939;3600599;3972829
976939;3600721;3972891
976939;3600782;3972922
976939;3600843;3972953
976939;3600904;3972984
a0ab23;2277920;3584240
976939;3600965;3973015
a0ab23;2285882;3586879
976939;3601026;3973046
976939;3601087;3973077
976939;3601148;3973108
976939;3601209;3973139
976939;3601270;3973170
976939;3601331;3973201
976939;3601453;3973263
976939;3601514;3973294
976939;3601575;3973325
9116dc;3065672;3296035
976939;3601636;3973356
9116dc;3066344;3296070
976939;3601697;3973387
9116dc;3067016;3296105
976939;3601758;3973418
9116dc;3067688;3296140
976939;3601819;3973449
9116dc;3068360;3296175
976939;3601941;3973511
9116dc;3069704;3296245
976939;3602002;3973542
9116dc;3070376;3296280
976939;3602063;3973573
9116dc;3071048;3296315
976939;3602124;3973604
9116dc;3071720;3296350
976939;3602185;3973635
9116dc;3072392;3296385
976939;3602246;3973666
9116dc;3073064;3296420
976939;3602307;3973697
9116dc;3073736;3296455
976939;3602368;3973728
9116dc;3074408;3296490
976939;3602429;3973759
9116dc;3075080;3296525
976939;3602490;3973790
9116dc;3075752;3296560
976939;3602551;3973821
9116dc;3076424;3296595
976939;3602612;3973852
9116dc;3077096;3296630
976939;3602734;3973914
9116dc;3078440;3296700
976939;3602795;3973945
9116dc;3079112;3296735
976939;3602856;3973976
9116dc;3079784;3296770
976939;3602917;3974007
9116dc;3080456;3296805
9116dc;3081800;3296875
976939;3602978;3974038
976939;3603100;3974100
9116dc;3082472;3296910
976939;3603161;3974131
9116dc;3083144;3296945
976939;3603222;3974162
9116dc;3083816;3296980
976939;3603283;3974193
9116dc;3084488;3297015
976939;3603405;3974255
9116dc;3085832;3297085
976939;3603466;3974286
9116dc;3086504;3297120
976939;3603527;3974317
9116dc;3087176;3297155
976939;3603588;3974348
9116dc;3087848;3297190
976939;3603649;3974379
9116dc;3088520;3297225
976939;3603771;3974441
9116dc;3089864;3297295
976939;3603832;3974472
9116dc;3090536;3297330
976939;3603893;3974503
9116dc;3091208;3297365
976939;3603954;3974534
9116dc;3091880;3297400
976939;3604015;3974565
9116dc;3092552;3297435
976939;3604137;3974627
9116dc;3093896;3297505
976939;3604198;3974658
9116dc;3094568;3297540
976939;3604259;3974689
9116dc;3095240;3297575
976939;3604320;3974720
9116dc;3095912;3297610
976939;3604381;3974751
9116dc;3096584;3297645
976939;3604442;3974782
9116dc;3097256;3297680
976939;3604503;3974813
9116dc;3097928;3297715
976939;3604564;3974844
9116dc;3098600;3297750
976939;3604686;3974906
9116dc;3099944;3297820
976939;3604747;3974937
9116dc;3100616;3297855
976939;3604808;3974968
9116dc;3101288;3297890
976939;3604869;3974999
0dfb21;3208121;2522078
9116dc;3101960;3297925
976939;3604930;3975030
0dfb21;3208242;2522156
9116dc;3102632;3297960
976939;3604991;3975061
0dfb21;3208363;2522234
9116dc;3103304;3297995
976939;3605113;3975123
0dfb21;3208605;2522390
9116dc;3104648;3298065
976939;3605174;3975154
0dfb21;3208726;2522468
9116dc;3105320;3298100
976939;3605235;3975185
0dfb21;3208847;2522546
9116dc;3105992;3298135
976939;3605296;3975216
0dfb21;3208968;2522624
9116dc;3106664;3298170
976939;3605357;3975247
0dfb21;3209089;2522702
9116dc;3107336;3298205
976939;3605418;3975278
0dfb21;3209210;2522780
9116dc;3108008;3298240
976939;3605479;3975309
0dfb21;3209331;2522858
9116dc;3108680;3298275
976939;3605540;3975340
0dfb21;3209452;2522936
9116dc;3109352;3298310
976939;3605601;3975371
0dfb21;3209573;2523014
9116dc;3110024;3298345
976939;3605662;3975402
0dfb21;3209694;2523092
9116dc;3110696;3298380
976939;3605784;3975464
0dfb21;3209936;2523248
9116dc;3112040;3298450
0dfb21;3210057;2523326
976939;3605845;3975495
9116dc;3112712;3298485
976939;3605906;3975526
0dfb21;3210178;2523404
9116dc;3113384;3298520
976939;3605967;3975557
0dfb21;3210299;2523482
9116dc;3114056;3298555
976939;3606028;3975588
0dfb21;3210420;2523560
9116dc;3114728;3298590
976939;3606089;3975619
0dfb21;3210541;2523638
9116dc;3115400;3298625
976939;3606150;3975650
0dfb21;3210662;2523716
9116dc;3116072;3298660
976939;3606211;3975681
0dfb21;3210783;2523794
9116dc;3116744;3298695
0dfb21;3210904;2523872
976939;3606272;3975712
9116dc;3117416;3298730
0dfb21;3211025;2523950
976939;3606333;3975743
9116dc;3118088;3298765
976939;3606394;3975774
0dfb21;3211146;2524028
9116dc;3118760;3298800
976939;3606516;3975836
0dfb21;3211388;2524184
9116dc;3120104;3298870
976939;3606577;3975867
0dfb21;3211509;2524262
9116dc;3120776;3298905
0dfb21;3211630;2524340
9116dc;3121448;3298940
0dfb21;3211751;2524418
9116dc;3122120;3298975
0dfb21;3211872;2524496
9116dc;3122792;3299010
0dfb21;3211993;2524574
9116dc;3123464;3299045
0dfb21;3212114;2524652
9116dc;3124136;3299080
0dfb21;3212235;2524730
9116dc;3124808;3299115
0dfb21;3212356;2524808
9116dc;3125480;3299150
0dfb21;3212477;2524886
9116dc;3126152;3299185
0dfb21;3212598;2524964
9116dc;3126824;3299220
0dfb21;3212840;2525120
9116dc;3128168;3299290
0dfb21;3212961;2525198
9116dc;3128840;3299325
0dfb21;3213082;2525276
9116dc;3129512;3299360
0dfb21;3213203;2525354
9116dc;3130184;3299395
0dfb21;3213324;2525432
9116dc;3130856;3299430
0dfb21;3213445;2525510
9116dc;3131528;3299465
0dfb21;3213566;2525588
9116dc;3132200;3299500
0dfb21;3213808;2525744
9116dc;3133544;3299570
0dfb21;3213929;2525822
9116dc;3134216;3299605
0dfb21;3214050;2525900
0dfb21;3214171;2525978
0dfb21;3214292;2526056
0dfb21;3214534;2526212
0dfb21;3214655;2526290
0dfb21;3214776;2526368
0dfb21;3214897;2526446
0dfb21;3215018;2526524
0dfb21;3215260;2526680
0dfb21;3215381;2526758
0dfb21;3215502;2526836
0dfb21;3215623;2526914
0dfb21;3215744;2526992
0dfb21;3215865;2527070
0dfb21;3215986;2527148
0dfb21;3216107;2527226
0dfb21;3216228;2527304
422cb7;3504552;2679234
0dfb21;3216470;2527460
422cb7;3504828;2679851
0dfb21;3216591;2527538
422cb7;3505104;2680468
0dfb21;3216712;2527616
422cb7;3505380;2681085
0dfb21;3216833;2527694
422cb7;3505656;2681702
0dfb21;3216954;2527772
422cb7;3505932;2682319
0dfb21;3217075;2527850
422cb7;3506208;2682936
0dfb21;3217196;2527928
422cb7;3506484;2683553
0dfb21;3217317;2528006
0dfb21;3217559;2528162
422cb7;3506760;2684170
422cb7;3507312;2685404
0dfb21;3217680;2528240
422cb7;3507588;2686021
0dfb21;3217801;2528318
422cb7;3507864;2686638
0dfb21;3217922;2528396
422cb7;3508140;2687255
0dfb21;3218043;2528474
422cb7;3508416;2687872
0dfb21;3218164;2528552
422cb7;3508968;2689106
0dfb21;3218406;2528708
422cb7;3509244;2689723
0dfb21;3218527;2528786
422cb7;3509520;2690340
0dfb21;3218648;2528864
422cb7;3509796;2690957
0dfb21;3218769;2528942
422cb7;3510072;2691574
0dfb21;3218890;2529020
422cb7;3510348;2692191
0dfb21;3219011;2529098
422cb7;3510900;2693425
0dfb21;3219253;2529254
422cb7;3511176;2694042
0dfb21;3219374;2529332
422cb7;3511452;2694659
0dfb21;3219495;2529410
422cb7;3511728;2695276
0dfb21;3219616;2529488
422cb7;3511452;2694659
422cb7;3512004;2695893
0dfb21;3219737;2529566
422cb7;3512280;2696510
0dfb21;3219858;2529644
422cb7;3512556;2697127
0dfb21;3219979;2529722
422cb7;3512832;2697744
0dfb21;3220100;2529800
422cb7;3513108;2698361
0dfb21;3220221;2529878
422cb7;3513660;2699595
0dfb21;3220463;2530034
422cb7;3513936;2700212
0dfb21;3220584;2530112
422cb7;3514212;2700829
8fc4c4;3818610;3946645
0dfb21;3220705;2530190
422cb7;3514488;2701446
8fc4c4;3819220;3947290
0dfb21;3220826;2530268
422cb7;3514764;2702063
8fc4c4;3819830;3947935
0dfb21;3220947;2530346
422cb7;3515040;2702680
8fc4c4;3820440;3948580
0dfb21;3221068;2530424
422cb7;3515316;2703297
8fc4c4;3821050;3949225
0dfb21;3221189;2530502
422cb7;3515592;2703914
0dfb21;3221310;2530580
422cb7;3516144;2705148
0dfb21;3221552;2530736
0dfb21;3221673;2530814
0dfb21;3221794;2530892
0dfb21;3221915;2530970
0dfb21;3222036;2531048
0dfb21;3222157;2531126
0dfb21;3222278;2531204
0dfb21;3222399;2531282
0dfb21;3222520;2531360
0dfb21;3222762;2531516
0dfb21;3222883;2531594
0dfb21;3223004;2531672
0dfb21;3223125;2531750
0dfb21;3223246;2531828
0dfb21;3223367;2531906
0dfb21;3223488;2531984
0dfb21;3223609;2532062
0dfb21;3223730;2532140
0dfb21;3223851;2532218
0dfb21;3224093;2532374
0dfb21;3224214;2532452
0dfb21;3224335;2532530
0dfb21;3224456;2532608
0dfb21;3224577;2532686
0dfb21;3224698;2532764
0dfb21;3224940;2532920
0dfb21;3225061;2532998
0dfb21;3225182;2533076
0dfb21;3225303;2533154
0dfb21;3225424;2533232
0dfb21;3225545;2533310
0dfb21;3225666;2533388
0dfb21;3225908;2533544
b7d947;3316464;3256255
b7d947;3321392;3272765
b7d947;3323856;3281020
b05842;3256994;3198051
b05842;3257988;3198102
b05842;3258982;3198153
b05842;3259976;3198204
b05842;3260970;3198255
b05842;3261964;3198306
b05842;3262958;3198357
b05842;3263952;3198408
b05842;3265940;3198510
b05842;3266934;3198561
b05842;3267928;3198612
b05842;3268922;3198663
b05842;3269916;3198714
b05842;3270910;3198765
b05842;3271904;3198816
b05842;3272898;3198867
b05842;3273892;3198918
b05842;3275880;3199020
b05842;3276874;3199071
b05842;3277868;3199122
b05842;3278862;3199173
b05842;3279856;3199224
b05842;3280850;3199275
b05842;3281844;3199326
2eff80;2913365;4128131
2eff80;2913730;4128262
2eff80;2914095;4128393
2eff80;2914825;4128655
2eff80;2915190;4128786
2eff80;2915555;4128917
2eff80;2915920;4129048
2eff80;2916285;4129179
2eff80;2916650;4129310
2eff80;2917015;4129441
2eff80;2917380;4129572
2eff80;2917745;4129703
2eff80;2918110;4129834
2eff80;2918840;4130096
2eff80;2919205;4130227
2eff80;2919570;4130358
2eff80;2919935;4130489
2eff80;2920300;4130620
2eff80;2921030;4130882
2eff80;2921395;4131013
2eff80;2921760;4131144
2eff80;2922125;4131275
2eff80;2922490;4131406
2eff80;2922855;4131537
2eff80;2923585;4131799
2eff80;2923950;4131930
2eff80;2924315;4132061
2eff80;2924680;4132192
2eff80;2925045;4132323
2eff80;2925410;4132454
2eff80;2926140;4132716
2eff80;2926505;4132847
2eff80;2926870;4132978
2eff80;2927235;4133109
2eff80;2927600;4133240
2eff80;2928330;4133502
2eff80;2928695;4133633
2eff80;2929060;4133764
2eff80;2929425;4133895
2eff80;2929790;4134026
2eff80;2930155;4134157
2eff80;2930520;4134288
2eff80;2930885;4134419
2eff80;2931615;4134681
2eff80;2931980;4134812
2eff80;2932345;4134943
2eff80;2932710;4135074
2eff80;2933075;4135205
2eff80;2933440;4135336
2eff80;2933805;4135467
2eff80;2934535;4135729
2eff80;2934900;4135860
2eff80;2935265;4135991
2eff80;2935630;4136122
2eff80;2935995;4136253
2eff80;2936360;4136384
2eff80;2936725;4136515
2eff80;2937090;4136646
2eff80;2937455;4136777
2eff80;2938185;4137039
2eff80;2938550;4137170
2eff80;2938915;4137301
2eff80;2939280;4137432
2eff80;2939645;4137563
2eff80;2940010;4137694
2eff80;2940375;4137825
2eff80;2940740;4137956
2eff80;2941105;4138087
2eff80;2941470;4138218
2eff80;2942200;4138480
2eff80;2942565;4138611
2eff80;2942930;4138742
2eff80;2943295;4138873
2eff80;2943660;4139004
2eff80;2944025;4139135
2eff80;2944390;4139266
2eff80;2944755;4139397
2eff80;2945120;4139528
2eff80;2945485;4139659
2eff80;2945850;4139790
2eff80;2946580;4140052
2eff80;2946945;4140183
2eff80;2947310;4140314
2eff80;2947675;4140445
2eff80;2948040;4140576
2eff80;2948770;4140838
2eff80;2949135;4140969
2eff80;2949500;4141100
2eff80;2949865;4141231
2eff80;2950230;4141362
2eff80;2950595;4141493
2eff80;2951325;4141755
2eff80;2951690;4141886
2eff80;2952055;4142017
2eff80;2952420;4142148
2eff80;2953150;4142410
2eff80;2953515;4142541
2eff80;2953880;4142672
2eff80;2954245;4142803
2eff80;2954610;4142934
2eff80;2955340;4143196
2eff80;2955705;4143327
2eff80;2956070;4143458
2eff80;2956435;4143589
2eff80;2956800;4143720
2eff80;2957530;4143982
2eff80;2957895;4144113
2eff80;2958260;4144244
2eff80;2958625;4144375
2eff80;2958990;4144506
2eff80;2959355;4144637
2eff80;2959720;4144768
2eff80;2960085;4144899
2eff80;2960450;4145030
2eff80;2960815;4145161
2eff80;2961545;4145423
2eff80;2961910;4145554
2eff80;2962275;4145685
2eff80;2962640;4145816
2eff80;2963005;4145947
2eff80;2963370;4146078
2eff80;2963735;4146209
2eff80;2964100;4146340
2eff80;2964465;4146471
2eff80;2965195;4146733
2eff80;2965560;4146864
2eff80;2965925;4146995
2eff80;2966290;4147126
2eff80;2966655;4147257
2eff80;2967020;4147388
2eff80;2967385;4147519
6321c9;2722100;2505870
2eff80;2967750;4147650
6321c9;2728000;2512800
2eff80;2968115;4147781
c2d4d6;2859976;2562077
2eff80;2968480;4147912
c2d4d6;2860952;2562154
2eff80;2968845;4148043
c2d4d6;2861928;2562231
c2d4d6;2863880;2562385
2eff80;2969210;4148174
2eff80;2969940;4148436
c2d4d6;2864856;2562462
2eff80;2970305;4148567
c2d4d6;2865832;2562539
2eff80;2970670;4148698
c2d4d6;2866808;2562616
2eff80;2971035;4148829
c2d4d6;2867784;2562693
2eff80;2971400;4148960
c2d4d6;2868760;2562770
2eff80;2972130;4149222
c2d4d6;2870712;2562924
2eff80;2972495;4149353
c2d4d6;2871688;2563001
2eff80;2972860;4149484
c2d4d6;2872664;2563078
2eff80;2973225;4149615
c2d4d6;2873640;2563155
2eff80;2973590;4149746
c2d4d6;2874616;2563232
2eff80;2974320;4150008
c2d4d6;2876568;2563386
2eff80;2974685;4150139
c2d4d6;2877544;2563463
2eff80;2975050;4150270
c2d4d6;2878520;2563540
2eff80;2975415;4150401
c2d4d6;2879496;2563617
2eff80;2976145;4150663
c2d4d6;2881448;2563771
2eff80;2976510;4150794
04a809;3996454;3512452
c2d4d6;2882424;2563848
04a809;3996908;3512904
2eff80;2976875;4150925
c2d4d6;2883400;2563925
2eff80;2977240;4151056
04a809;3997362;3513356
c2d4d6;2884376;2564002
2eff80;2977605;4151187
04a809;3997816;3513808
c2d4d6;2885352;2564079
2eff80;2977970;4151318
04a809;3998270;3514260
c2d4d6;2886328;2564156
2eff80;2978700;4151580
04a809;3999178;3515164
c2d4d6;2888280;2564310
2eff80;2979065;4151711
04a809;3999632;3515616
c2d4d6;2889256;2564387
2eff80;2979430;4151842
04a809;4000086;3516068
c2d4d6;2890232;2564464
2eff80;2979795;4151973
04a809;4000540;3516520
c2d4d6;2891208;2564541
2eff80;2980525;4152235
c2d4d6;2893160;2564695
2eff80;2980890;4152366
c2d4d6;2894136;2564772
2eff80;2981255;4152497
c2d4d6;2895112;2564849
2eff80;2981620;4152628
c2d4d6;2896088;2564926
2eff80;2981985;4152759
c2d4d6;2897064;2565003
2eff80;2982715;4153021
56f562;3049290;2899232
c2d4d6;2899016;2565157
2eff80;2983080;4153152
56f562;3049435;2899348
c2d4d6;2899992;2565234
2eff80;2983445;4153283
56f562;3049580;2899464
c2d4d6;2900968;2565311
2eff80;2983810;4153414
56f562;3049725;2899580
c2d4d6;2901944;2565388
2eff80;2984540;4153676
56f562;3050015;2899812
c2d4d6;2903896;2565542
2eff80;2984905;4153807
56f562;3050160;2899928
c2d4d6;2904872;2565619
2eff80;2985270;4153938
56f562;3050305;2900044
c2d4d6;2905848;2565696
2eff80;2985635;4154069
56f562;3050450;2900160
c2d4d6;2906824;2565773
2eff80;2986000;4154200
56f562;3050595;2900276
c2d4d6;2907800;2565850
2eff80;2986365;4154331
56f562;3050740;2900392
c2d4d6;2908776;2565927
2eff80;2987095;4154593
56f562;3051030;2900624
c2d4d6;2910728;2566081
2eff80;2987460;4154724
56f562;3051175;2900740
c2d4d6;2911704;2566158
56f562;3051320;2900856
c2d4d6;2912680;2566235
56f562;3051465;2900972
c2d4d6;2913656;2566312
56f562;3051610;2901088
c2d4d6;2914632;2566389
56f562;3051755;2901204
c2d4d6;2915608;2566466
56f562;3051900;2901320
c2d4d6;2916584;2566543
56f562;3052045;2901436
c2d4d6;2917560;2566620
56f562;3052190;2901552
c2d4d6;2918536;2566697
56f562;3052480;2901784
c2d4d6;2920488;2566851
56f562;3052625;2901900
c2d4d6;2921464;2566928
56f562;3052770;2902016
c2d4d6;2922440;2567005
56f562;3052915;2902132
c2d4d6;2923416;2567082
56f562;3053060;2902248
c2d4d6;2924392;2567159
56f562;3053205;2902364
c2d4d6;2925368;2567236
56f562;3053350;2902480
c2d4d6;2926344;2567313
56f562;3053495;2902596
c2d4d6;2927320;2567390
56f562;3053640;2902712
c2d4d6;2928296;2567467
56f562;3053785;2902828
c2d4d6;2929272;2567544
56f562;3054075;2903060
c2d4d6;2931224;2567698
56f562;3054220;2903176
c2d4d6;2932200;2567775
56f562;3054365;2903292
c2d4d6;2933176;2567852
56f562;3054510;2903408
c2d4d6;2934152;2567929
56f562;3054655;2903524
c2d4d6;2935128;2568006
56f562;3054800;2903640
c2d4d6;2936104;2568083
56f562;3054945;2903756
c2d4d6;2937080;2568160
56f562;3055090;2903872
c2d4d6;2938056;2568237
56f562;3055235;2903988
c2d4d6;2939032;2568314
56f562;3055380;2904104
c2d4d6;2940008;2568391
56f562;3055525;2904220
c2d4d6;2940984;2568468
56f562;3055670;2904336
c2d4d6;2941960;2568545
56f562;3055815;2904452
c2d4d6;2942936;2568622
56f562;3056105;2904684
c2d4d6;2944888;2568776
56f562;3056250;2904800
c2d4d6;2945864;2568853
56f562;3056395;2904916
c2d4d6;2946840;2568930
56f562;3056540;2905032
c2d4d6;2947816;2569007
56f562;3056685;2905148
c2d4d6;2948792;2569084
56f562;3056830;2905264
c2d4d6;2949768;2569161
56f562;3056975;2905380
c23a65;2627164;3926089
c2d4d6;2950744;2569238
56f562;3057120;2905496
c23a65;2627328;3926178
c2d4d6;2951720;2569315
56f562;3057410;2905728
c23a65;2627656;3926356
c2d4d6;2953672;2569469
56f562;3057555;2905844
c23a65;2627820;3926445
c2d4d6;2954648;2569546
56f562;3057700;2905960
c23a65;2627984;3926534
c2d4d6;2955624;2569623
56f562;3057845;2906076
c23a65;2628148;3926623
c2d4d6;2956600;2569700
56f562;3057990;2906192
c23a65;2628312;3926712
c2d4d6;2957576;2569777
56f562;3058135;2906308
c23a65;2628476;3926801
c2d4d6;2958552;2569854
56f562;3058280;2906424
c23a65;2628640;3926890
c2d4d6;2959528;2569931
56f562;3058570;2906656
c23a65;2628968;3927068
c2d4d6;2961480;2570085
56f562;3058715;2906772
c23a65;2629132;3927157
c2d4d6;2962456;2570162
56f562;3058860;2906888
c23a65;2629296;3927246
c2d4d6;2963432;2570239
56f562;3059005;2907004
c23a65;2629460;3927335
c2d4d6;2964408;2570316
56f562;3059150;2907120
c23a65;2629624;3927424
c2d4d6;2965384;2570393
56f562;3059295;2907236
c23a65;2629788;3927513
c2d4d6;2966360;2570470
56f562;3059440;2907352
c23a65;2629952;3927602
c2d4d6;2967336;2570547
56f562;3059585;2907468
c23a65;2630116;3927691
c2d4d6;2968312;2570624
56f562;3059875;2907700
c23a65;2630444;3927869
c2d4d6;2970264;2570778
56f562;3060020;2907816
c23a65;2630608;3927958
c2d4d6;2971240;2570855
56f562;3060165;2907932
c23a65;2630772;3928047
c2d4d6;2972216;2570932
56f562;3060310;2908048
c23a65;2630936;3928136
c2d4d6;2973192;2571009
56f562;3060455;2908164
c23a65;2631100;3928225
c2d4d6;2974168;2571086
56f562;3060600;2908280
c23a65;2631264;3928314
c2d4d6;2975144;2571163
56f562;3060745;2908396
c23a65;2631428;3928403
c2d4d6;2976120;2571240
56f562;3060890;2908512
c23a65;2631592;3928492
c2d4d6;2977096;2571317
56f562;3061035;2908628
c23a65;2631756;3928581
c2d4d6;2978072;2571394
56f562;3061180;2908744
c23a65;2631920;3928670
c2d4d6;2979048;2571471
56f562;3061470;2908976
c23a65;2632248;3928848
c2d4d6;2981000;2571625
56f562;3061615;2909092
c23a65;2632412;3928937
c2d4d6;2981976;2571702
56f562;3061760;2909208
c23a65;2632576;3929026
c2d4d6;2982952;2571779
56f562;3061905;2909324
c23a65;2632740;3929115
c2d4d6;2983928;2571856
56f562;3062050;2909440
c23a65;2632904;3929204
c2d4d6;2984904;2571933
56f562;3062195;2909556
c23a65;2633068;3929293
c2d4d6;2985880;2572010
56f562;3062485;2909788
c23a65;2633396;3929471
c2d4d6;2987832;2572164
56f562;3062630;2909904
c23a65;2633560;3929560
56f562;3062775;2910020
c23a65;2633724;3929649
56f562;3062920;2910136
c23a65;2633888;3929738
56f562;3063210;2910368
c23a65;2634216;3929916
56f562;3063355;2910484
c23a65;2634380;3930005
56f562;3063500;2910600
c23a65;2634544;3930094
56f562;3063645;2910716
c23a65;2634708;3930183
56f562;3063790;2910832
c23a65;2634872;3930272
56f562;3064080;2911064
c23a65;2635200;3930450
64cb5e;3025572;4126326
56f562;3064225;2911180
c23a65;2635364;3930539
64cb5e;3026358;4126489
56f562;3064370;2911296
c23a65;2635528;3930628
64cb5e;3027144;4126652
56f562;3064515;2911412
c23a65;2635692;3930717
64cb5e;3027930;4126815
56f562;3064660;2911528
c23a65;2635856;3930806
64cb5e;3028716;4126978
56f562;3064805;2911644
c23a65;2636020;3930895
64cb5e;3029502;4127141
56f562;3065095;2911876
c23a65;2636348;3931073
64cb5e;3031074;4127467
56f562;3065240;2911992
c23a65;2636512;3931162
64cb5e;3031860;4127630
56f562;3065385;2912108
c23a65;2636676;3931251
64cb5e;3032646;4127793
56f562;3065530;2912224
c23a65;2636840;3931340
64cb5e;3033432;4127956
56f562;3065675;2912340
c23a65;2637004;3931429
64cb5e;3034218;4128119
56f562;3065965;2912572
c23a65;2637332;3931607
64cb5e;3035790;4128445
56f562;3066110;2912688
c23a65;2637496;3931696
64cb5e;3036576;4128608
56f562;3066255;2912804
c23a65;2637660;3931785
64cb5e;3037362;4128771
56f562;3066400;2912920
c23a65;2637824;3931874
64cb5e;3038148;4128934
64cb5e;3039720;4129260
56f562;3066545;2913036
c23a65;2637988;3931963
56f562;3066835;2913268
c23a65;2638316;3932141
64cb5e;3040506;4129423
56f562;3066980;2913384
c23a65;2638480;3932230
64cb5e;3041292;4129586
56f562;3067125;2913500
c23a65;2638644;3932319
64cb5e;3042078;4129749
56f562;3067270;2913616
c23a65;2638808;3932408
64cb5e;3042864;4129912
56f562;3067415;2913732
c23a65;2638972;3932497
64cb5e;3043650;4130075
56f562;3067705;2913964
c23a65;2639300;3932675
64cb5e;3045222;4130401
56f562;3067850;2914080
c23a65;2639464;3932764
64cb5e;3046008;4130564
56f562;3067995;2914196
c23a65;2639628;3932853
64cb5e;3046794;4130727
56f562;3068140;2914312
c23a65;2639792;3932942
64cb5e;3047580;4130890
56f562;3068430;2914544
c23a65;2640120;3933120
64cb5e;3049152;4131216
56f562;3068575;2914660
c23a65;2640284;3933209
64cb5e;3049938;4131379
56f562;3068720;2914776
c23a65;2640448;3933298
64cb5e;3050724;4131542
56f562;3068865;2914892
c23a65;2640612;3933387
64cb5e;3051510;4131705
56f562;3069155;2915124
c23a65;2640940;3933565
64cb5e;3053082;4132031
56f562;3069300;2915240
c23a65;2641104;3933654
64cb5e;3053868;4132194
56f562;3069445;2915356
c23a65;2641268;3933743
64cb5e;3054654;4132357
56f562;3069590;2915472
c23a65;2641432;3933832
64cb5e;3055440;4132520
56f562;3069880;2915704
c23a65;2641760;3934010
64cb5e;3057012;4132846
56f562;3070025;2915820
c23a65;2641924;3934099
64cb5e;3057798;4133009
56f562;3070170;2915936
c23a65;2642088;3934188
64cb5e;3058584;4133172
56f562;3070315;2916052
c23a65;2642252;3934277
64cb5e;3059370;4133335
56f562;3070460;2916168
c23a65;2642416;3934366
64cb5e;3060156;4133498
56f562;3070605;2916284
c23a65;2642580;3934455
64cb5e;3060942;4133661
56f562;3070895;2916516
c23a65;2642908;3934633
64cb5e;3062514;4133987
56f562;3071040;2916632
c23a65;2643072;3934722
64cb5e;3063300;4134150
56f562;3071185;2916748
c23a65;2643236;3934811
64cb5e;3064086;4134313
56f562;3071330;2916864
c23a65;2643400;3934900
64cb5e;3064872;4134476
56f562;3071475;2916980
c23a65;2643564;3934989
64cb5e;3065658;4134639
56f562;3071765;2917212
35a5ea;3297773;2809511
c23a65;2643892;3935167
64cb5e;3067230;4134965
56f562;3071910;2917328
c23a65;2644056;3935256
35a5ea;3298546;2810022
64cb5e;3068016;4135128
56f562;3072055;2917444
c23a65;2644220;3935345
35a5ea;3299319;2810533
64cb5e;3068802;4135291
56f562;3072345;2917676
c23a65;2644548;3935523
35a5ea;3300865;2811555
64cb5e;3070374;4135617
56f562;3072490;2917792
35a5ea;3301638;2812066
c23a65;2644712;3935612
64cb5e;3071160;4135780
56f562;3072635;2917908
c23a65;2644876;3935701
35a5ea;3302411;2812577
64cb5e;3071946;4135943
56f562;3072780;2918024
c23a65;2645040;3935790
35a5ea;3303184;2813088
64cb5e;3072732;4136106
56f562;3072925;2918140
35a5ea;3303957;2813599
c23a65;2645204;3935879
64cb5e;3073518;4136269
c23a65;2645532;3936057
35a5ea;3305503;2814621
64cb5e;3075090;4136595
c23a65;2645696;3936146
35a5ea;3306276;2815132
64cb5e;3075876;4136758
c23a65;2645860;3936235
35a5ea;3307049;2815643
64cb5e;3076662;4136921
c23a65;2646024;3936324
35a5ea;3307822;2816154
64cb5e;3077448;4137084
c23a65;2646352;3936502
35a5ea;3309368;2817176
64cb5e;3079020;4137410
c23a65;2646516;3936591
35a5ea;3310141;2817687
64cb5e;3079806;4137573
c23a65;2646680;3936680
35a5ea;3310914;2818198
64cb5e;3080592;4137736
c23a65;2647008;3936858
35a5ea;3312460;2819220
64cb5e;3082164;4138062
c23a65;2647172;3936947
35a5ea;3313233;2819731
64cb5e;3082950;4138225
c23a65;2647336;3937036
35a5ea;3314006;2820242
64cb5e;3083736;4138388
c23a65;2647500;3937125
35a5ea;3314779;2820753
64cb5e;3084522;4138551
c23a65;2647828;3937303
35a5ea;3316325;2821775
7f4b5b;3625414;2729648
64cb5e;3086094;4138877
c23a65;2647992;3937392
35a5ea;3317098;2822286
7f4b5b;3635121;2729972
64cb5e;3086880;4139040
c23a65;2648156;3937481
35a5ea;3317871;2822797
64cb5e;3087666;4139203
35a5ea;3319417;2823819
c23a65;2648484;3937659
64cb5e;3089238;4139529
c23a65;2648648;3937748
35a5ea;3320190;2824330
64cb5e;3090024;4139692
c23a65;2648812;3937837
35a5ea;3320963;2824841
64cb5e;3090810;4139855
c23a65;2648976;3937926
35a5ea;3321736;2825352
64cb5e;3091596;4140018
35a5ea;3322509;2825863
c23a65;2649140;3938015
64cb5e;3092382;4140181
35a5ea;3323282;2826374
c23a65;2649304;3938104
64cb5e;3093168;4140344
